2.234590300558125797e-01
2.234590300558125797e-01
0.000000000000000000e+00
0.000000000000000000e+00
0.000000000000000000e+00
0.000000000000000000e+00
-3.384036010907079728e+00
-5.936776244848935846e+00
0.000000000000000000e+00
-1.601511847161679825e+00
2.304922684664134636e-02
-5.727314057837936900e+00
-2.490242933885438603e+00
-2.809323427794781836e+00
-3.162028612326253096e-01
0.000000000000000000e+00
0.000000000000000000e+00
0.000000000000000000e+00
0.000000000000000000e+00
2.406928985698950640e+00
0.000000000000000000e+00
4.655990820606783487e-01
2.234590300558125797e-01
-3.393271316389734338e+00
-2.620081428156252557e+00
-7.118809691136931406e+00
-5.028995584935698204e-01
-4.775085345402827031e+00
0.000000000000000000e+00
-2.605724472553541560e+00
2.234590300558125797e-01
-1.233787067036362650e+00
0.000000000000000000e+00
0.000000000000000000e+00
0.000000000000000000e+00
-5.310704354602666655e-01
0.000000000000000000e+00
7.508208059581260585e-01
-3.467379288543456894e+00
-1.905394224006265347e+00
4.655990820606783487e-01
1.118881664056695868e+00
0.000000000000000000e+00
-2.786274200948140489e+00
2.702903297399119609e-01
1.050448887289487043e+00
-2.907763500608033347e+00
1.369860014364348899e+00
0.000000000000000000e+00
3.326981358112504950e+00
-6.655107897063974320e-01
-6.885600165530387784e-01
-1.287854288306638395e+00
2.568673094077711383e-01
-7.378314512860235652e-01
0.000000000000000000e+00
5.579724021916927512e-01
-1.146775690046732521e+00
-2.897869216518335733e+00
0.000000000000000000e+00
2.304922684664134636e-02
-2.819813417678805223e+00
2.304922684664134636e-02
0.000000000000000000e+00
-1.601511847161679825e+00
0.000000000000000000e+00
0.000000000000000000e+00
-2.598252457714842478e+00
0.000000000000000000e+00
0.000000000000000000e+00
0.000000000000000000e+00
0.000000000000000000e+00
-4.568011048002880159e-01
-6.885600165530387784e-01
-1.601511847161679825e+00
-6.399542486836562460e-01
-1.287854288306638395e+00
4.655990820606783487e-01
6.993810356893011004e-01
0.000000000000000000e+00
0.000000000000000000e+00
-5.344218032005127128e+00
-4.775085345402827031e+00
-6.547135339958742861e-02
0.000000000000000000e+00
2.663783628585338903e-01
2.568673094077711383e-01
2.304922684664134636e-02
-1.703475217540495024e+00
1.457276070981490257e-01
-1.257643017992007728e+00
0.000000000000000000e+00
0.000000000000000000e+00
-1.626829655145969333e+00
0.000000000000000000e+00
-6.706930147246152885e-01
-1.264805061459997049e+00
0.000000000000000000e+00
-2.490242933885438603e+00
-9.233166599909203853e-01
2.692138843560775374e+00
0.000000000000000000e+00
1.910336900267470384e+00
-1.727906937877886406e+00
2.715188070407417165e+00
1.599426277019853515e+00
2.503882551247005317e+00
0.000000000000000000e+00
-3.094052676773163313e+00
3.278799302473316857e+00
4.048618941970238083e+00
4.048618941970238083e+00
2.545846750346038245e+00
3.000319437560897473e+00
-7.818019432933045465e-01
8.034640361412250797e-01
-1.512936463821894506e-01
0.000000000000000000e+00
7.402939589856476488e-01
4.655990820606783487e-01
-6.476437878779739421e-01
-4.421998136631657417e-01
0.000000000000000000e+00
5.526678150038680570e+00
2.304922684664134636e-02
-6.706930147246152885e-01
-2.460322490857986821e-01
1.050448887289487043e+00
1.661775576448317082e+00
2.192102927216164954e+00
3.023368664407538375e+00
0.000000000000000000e+00
1.523053298235280018e+00
2.234590300558125797e-01
2.234590300558125797e-01
1.050448887289487043e+00
4.769204872947394591e-01
-4.421998136631657417e-01
5.852741704200258965e+00
3.242551814505651997e+00
3.433993395345034116e-01
2.228350415183831146e+00
2.146975605815770294e+00
-8.802799994255039451e-02
2.802714059753810716e+00
1.212525632389164443e+00
3.000319437560897473e+00
3.000319437560897473e+00
-1.675619819315401493e+00
1.710088906785298235e+00
-8.283219589281980433e-01
6.041534634974361495e-01
0.000000000000000000e+00
1.523053298235280018e+00
4.822398618031041195e+00
1.523053298235280018e+00
2.715188070407417165e+00
-4.834697748204341394e+00
1.569573313870173514e+00
1.312059683309675151e+00
1.367969786146005617e+00
-2.687814925728973847e+00
-9.714228025688713686e-01
1.050448887289487043e+00
-1.766342835112819643e+00
1.761945206517628648e+00
2.234590300558125797e-01
-9.714228025688713686e-01
1.599426277019853515e+00
1.497312360912490092e+00
1.273907917345299623e+00
1.620767450996787318e-01
2.395666636995761323e+00
-3.556002349497317638e+00
1.599426277019853515e+00
3.612621079456390660e-01
0.000000000000000000e+00
1.073498114136127946e+00
2.228350415183831146e+00
0.000000000000000000e+00
2.281696395889122542e+00
5.887440608584464385e-01
2.192102927216164954e+00
0.000000000000000000e+00
0.000000000000000000e+00
-6.476437878779739421e-01
0.000000000000000000e+00
5.237985593906813619e+00
-6.765275991478105766e-01
2.157398679211546266e+00
1.356480098409464041e+00
2.568673094077711383e-01
3.381196955677266303e+00
5.579724021916927512e-01
2.755196979527911871e+00
3.465918519621576266e+00
1.214751938580763468e+00
2.304922684664134636e-02
2.228350415183831146e+00
-1.721366172742193612e-01
0.000000000000000000e+00
-1.639252175144527257e+00
4.084406682207286643e-01
0.000000000000000000e+00
0.000000000000000000e+00
0.000000000000000000e+00
0.000000000000000000e+00
6.787309979606401811e-01
4.084406682207286643e-01
4.084406682207286643e-01
0.000000000000000000e+00
-5.216639850174118465e-01
-5.028995584935698204e-01
-1.898452763389965270e+00
0.000000000000000000e+00
-2.006976955269844431e+00
-2.876014802293454409e+00
-4.701166355579820433e+00
-2.559947454203738815e+00
1.458889555510216596e+00
-2.876014802293454409e+00
-6.932064075565413930e-01
-2.968388122424467923e+00
-3.743999726555742313e+00
-3.150379960837938143e+00
-3.486613277376783060e+00
-3.425930531232392440e+00
-3.078172609156052175e+00
-4.138072303268071295e+00
-8.240204571151785728e+00
-1.298325588173933731e+00
-5.160698684958260785e+00
7.412513549419745829e-01
0.000000000000000000e+00
0.000000000000000000e+00
6.532825819960175195e-01
-8.634132787394683817e-01
-2.548570273239931794e+00
-4.825999780153338747e+00
0.000000000000000000e+00
2.568673094077711383e-01
-2.211640759935523448e+00
-3.130907051922243056e+00
-4.206089088781967078e+00
-2.620081428156252557e+00
-2.254480918612014051e+00
-2.533070051166622427e+00
-1.639252175144527257e+00
-8.283219589281980433e-01
-3.130907051922243056e+00
-6.105984750833277630e-01
-8.634132787394683817e-01
-2.321467495162963246e+01
4.084406682207286643e-01
-1.659088425213170126e+00
-1.287854288306638395e+00
-2.006976955269844431e+00
2.007866945240582623e+00
-1.598536287049116211e+00
0.000000000000000000e+00
3.115922174708975589e+00
1.457276070981490257e-01
-5.588469550580720480e+00
1.196176494387636069e+00
1.165401071785332476e-01
-2.809323427794781836e+00
1.005622427846297740e-03
-3.911260638970601278e+00
0.000000000000000000e+00
-7.608806781326649116e-01
6.496327880195664761e-01
-6.105984750833277630e-01
-5.746078484361778038e+00
-2.620081428156252557e+00
-7.125196034130215850e+00
-7.608806781326649116e-01
2.176642568482769491e-01
0.000000000000000000e+00
-3.467379288543456894e+00
-2.010188968786202679e+00
-2.909406886351764143e+00
-3.177811079386636095e+00
-1.233787067036362650e+00
0.000000000000000000e+00
-1.040213786563037068e+01
-2.822660515326317565e+00
0.000000000000000000e+00
-9.565280679803560560e-01
-2.896861875223049054e+00
-2.968388122424467923e+00
4.084406682207286643e-01
0.000000000000000000e+00
-3.150379960837938143e+00
0.000000000000000000e+00
-1.146775690046732521e+00
0.000000000000000000e+00
-2.008268078367123621e-01
0.000000000000000000e+00
-3.467379288543456894e+00
-4.775085345402827031e+00
2.545846750346038245e+00
-5.028995584935698204e-01
-3.467379288543456894e+00
1.409659433439163223e+00
2.495749048176392648e+00
1.276198116169275920e-01
2.558955394945128248e+00
1.505409571145110093e+00
2.545846750346038245e+00
2.569378468340904220e+00
4.084406682207286643e-01
4.709610252020626220e-01
0.000000000000000000e+00
-3.871394450275147392e-01
-1.291043408312159357e+00
3.784788085340640151e+00
6.041534634974361495e-01
2.692138843560775374e+00
2.656389845330533461e+00
1.214751938580763468e+00
1.045986215776476769e+00
-2.326092287536578596e-01
4.084406682207286643e-01
5.692458281121671959e+00
-8.273645629718693328e-01
3.567075119944504991e-01
7.035592534306456258e-01
2.692138843560775374e+00
5.954762767707464377e-01
2.098417443138841598e+00
2.170385874738357757e+00
1.214751938580763468e+00
-1.677846125506999186e+00
2.016861957701909347e+00
2.954287418566766910e+00
1.907672813615779006e+00
3.408760105781627026e+00
1.834386068011593096e+00
-1.534404936917011852e+00
2.007866945240582623e+00
-5.028995584935698204e-01
2.232906231719692158e+00
3.253631734380331153e-01
3.612621079456390660e-01
2.060721891965838992e+00
1.761945206517628648e+00
2.858914109442007856e+00
6.787309979606401811e-01
-9.632680275724680996e-02
-6.105984750833277630e-01
1.784966072213373778e+00
3.760936869518458181e+00
2.755196979527911871e+00
1.353394027934053057e+00
4.084406682207286643e-01
0.000000000000000000e+00
-5.310704354602666655e-01
6.653079776285011349e-01
-1.869110370526296805e+00
0.000000000000000000e+00
4.084406682207286643e-01
4.084406682207286643e-01
2.755196979527911871e+00
1.096968902924380096e+00
0.000000000000000000e+00
0.000000000000000000e+00
0.000000000000000000e+00
0.000000000000000000e+00
1.068798025957683251e+00
5.039051809214170063e-01
0.000000000000000000e+00
1.017504731570133103e+00
4.084406682207286643e-01
4.084406682207286643e-01
0.000000000000000000e+00
1.813710930799624421e+00
0.000000000000000000e+00
8.711028906080979795e-01
2.170385874738357757e+00
1.428594407962439305e+00
4.084406682207286643e-01
1.761945206517628648e+00
2.692138843560775374e+00
3.408760105781627026e+00
-1.517872041772072578e-01
7.402939589856476488e-01
1.371878178520585578e+00
0.000000000000000000e+00
1.050448887289487043e+00
9.665674033087832129e-01
2.545846750346038245e+00
1.117588190127115411e+00
5.039051809214170063e-01
1.809091984943332676e+00
1.096968902924380096e+00
-1.639252175144527257e+00
0.000000000000000000e+00
0.000000000000000000e+00
2.692138843560775374e+00
1.761945206517628648e+00
0.000000000000000000e+00
1.356480098409464041e+00
-3.486613277376783060e+00
1.656584690859802755e+00
-2.127604943058458709e+00
0.000000000000000000e+00
0.000000000000000000e+00
0.000000000000000000e+00
5.271576391476848755e-01
-1.626829655145969333e+00
-1.601511847161679825e+00
0.000000000000000000e+00
0.000000000000000000e+00
-8.283219589281980433e-01
1.186581061614067067e+00
0.000000000000000000e+00
-8.634132787394683817e-01
-1.142126681208488037e+00
0.000000000000000000e+00
0.000000000000000000e+00
0.000000000000000000e+00
-1.219630452013305444e+00
0.000000000000000000e+00
0.000000000000000000e+00
-9.714228025688713686e-01
-8.283219589281980433e-01
-3.467379288543456894e+00
2.568673094077711383e-01
2.337815958008793160e+00
-1.626829655145969333e+00
1.050448887289487043e+00
-7.126226882917038097e+00
0.000000000000000000e+00
-1.219630452013305444e+00
0.000000000000000000e+00
0.000000000000000000e+00
0.000000000000000000e+00
0.000000000000000000e+00
5.579724021916927512e-01
-5.922699659244301529e-05
-2.968388122424467923e+00
-2.676561070363877803e+00
-3.729268800557132835e+00
1.050448887289487043e+00
-2.620081428156252557e+00
0.000000000000000000e+00
1.457276070981490257e-01
-1.626829655145969333e+00
-2.968388122424467923e+00
1.214751938580763468e+00
0.000000000000000000e+00
2.104657018290275516e+00
0.000000000000000000e+00
0.000000000000000000e+00
0.000000000000000000e+00
-6.885600165530387784e-01
-1.626829655145969333e+00
-1.626829655145969333e+00
-4.228259966676121806e+00
-2.732802040689174206e+00
-5.310704354602666655e-01
-1.313829774709899034e+00
-1.626829655145969333e+00
-4.526667090481581113e+00
-1.449004553078152568e+00
0.000000000000000000e+00
0.000000000000000000e+00
-1.219630452013305444e+00
-9.714228025688713686e-01
-6.885600165530387784e-01
0.000000000000000000e+00
-9.714228025688713686e-01
0.000000000000000000e+00
1.050448887289487043e+00
-8.045647507800122611e+00
5.579724021916927512e-01
-1.510916310758245729e+00
-6.706930147246152885e-01
0.000000000000000000e+00
-2.717515878541659546e+00
-4.274219348209566505e+00
-2.620081428156252557e+00
0.000000000000000000e+00
-9.461049945845818598e-01
0.000000000000000000e+00
0.000000000000000000e+00
-1.897805974673284268e+00
0.000000000000000000e+00
1.457276070981490257e-01
-2.953081949854427180e+00
-2.620081428156252557e+00
-2.630504501552028529e+00
0.000000000000000000e+00
-2.968388122424467923e+00
-1.626829655145969333e+00
0.000000000000000000e+00
0.000000000000000000e+00
-2.165735446597887304e+00
-1.033969993953836486e+00
-3.150379960837938143e+00
6.098993709357705129e+00
2.337830534314313979e+00
0.000000000000000000e+00
0.000000000000000000e+00
5.504201988807903234e+00
3.473254797066678279e+00
5.039051809214170063e-01
2.572875422733956974e+00
5.265014266294732792e+00
1.328689648476697016e+00
2.568673094077711383e-01
1.050448887289487043e+00
0.000000000000000000e+00
0.000000000000000000e+00
2.568673094077711383e-01
1.569573313870172626e+00
2.545846750346038245e+00
-1.146775690046732521e+00
1.810735370687060808e+00
0.000000000000000000e+00
0.000000000000000000e+00
7.811159535059024606e-01
2.032235536257539721e+00
1.068798025957683251e+00
0.000000000000000000e+00
2.503882551247005317e+00
9.933755570095108567e-01
4.626622223873679829e-01
1.576134812180796985e+00
1.050448887289487043e+00
4.507826760277925615e+00
1.599426277019853515e+00
-2.165735446597887304e+00
2.098417443138841598e+00
2.406928985698950640e+00
0.000000000000000000e+00
3.999974655754263253e+00
2.098417443138841598e+00
1.050448887289487043e+00
5.579724021916927512e-01
1.902182408009343462e+00
1.743001873114341294e+00
0.000000000000000000e+00
1.951548943173357031e+00
3.220111526709310112e+00
4.261712157430949333e+00
0.000000000000000000e+00
2.698038565687962631e+00
5.193784518292199337e-01
1.196176494387636069e+00
2.692138843560775374e+00
-6.706930147246152885e-01
1.569573313870172626e+00
2.192102927216164954e+00
3.000319437560897029e+00
-1.944325990308175989e+00
3.513386598412946427e-01
3.557794832295897436e+00
2.545846750346038245e+00
0.000000000000000000e+00
0.000000000000000000e+00
4.737949677562202311e+00
0.000000000000000000e+00
3.494465994397007336e+00
3.000319437560897473e+00
2.692138843560775374e+00
-2.175989913509752682e-01
1.050448887289487043e+00
1.068798025957683251e+00
2.041804987273689420e+00
2.692138843560775374e+00
2.503882551247005317e+00
4.048618941970238083e+00
2.598245724165826331e+00
-1.341386029449230577e+00
3.800524216697343860e+00
6.897490522978362293e-01
2.545846750346038245e+00
7.811159535059024606e-01
-1.741043272859599256e-02
2.572875422733956974e+00
-5.310704354602666655e-01
1.931258165428110019e+00
8.447655260649582942e+00
-1.675619819315401493e+00
-5.310704354602666655e-01
4.020109884411885659e+00
1.068798025957683251e+00
0.000000000000000000e+00
2.545846750346038245e+00
2.568673094077711383e-01
-6.706930147246152885e-01
5.196021394807781135e+00
1.050448887289487043e+00
1.050448887289487043e+00
2.692138843560775374e+00
0.000000000000000000e+00
2.098417443138841598e+00
0.000000000000000000e+00
-1.147942564671486920e+00
