2.272829211864785037e+00
1.351728544840063329e+00
1.180954952063630436e+00
1.259602067183663854e+00
1.220278509623646812e+00
1.121969615723605873e+00
-3.568387721662013234e+00
-2.909453642610241531e+00
1.239940288403655000e+00
-4.733033605238059494e-01
1.245415014872193638e+00
-3.856489097649212994e+00
-1.143484486632431185e+00
-2.234009560122885318e+00
4.375455526705529508e-01
1.279263845963672264e+00
1.239940288403655000e+00
1.259602067183663854e+00
1.239940288403655000e+00
4.410932585650792603e+00
1.220278509623646812e+00
1.670070784685456999e+00
2.272829211864785037e+00
-3.557161155971044764e+00
-2.959994132105309816e+00
-1.498447918966103742e+00
9.710555823750484095e-01
-1.970550929517802530e+00
1.239940288403655000e+00
-2.798699281934265315e+00
1.963929027598275034e+00
-5.459182053933080425e-01
1.259602067183663854e+00
1.259602067183663854e+00
1.180954952063630436e+00
8.010295733361054715e-01
1.200616730843638624e+00
2.002239089332107369e+00
-3.970361201505633097e+00
-3.548414827086894263e-01
1.338166933973434780e+00
2.545543509840278773e+00
1.141631394503614061e+00
-1.269270345370543396e-01
1.517207403192365689e+00
2.710547270012598986e+00
6.923788363039369287e-01
4.191839401606529236e+00
1.279263845963672264e+00
5.792352140663691529e+00
7.672458309247112140e-01
5.848150954360935572e-01
-7.261775953053177801e-01
1.430569857559203406e+00
2.750794583951403638e-01
1.200616730843638624e+00
1.747122447021366654e+00
-1.005468728807882961e+00
-2.227217128426119075e+00
1.239940288403655000e+00
1.337383989122659322e+00
2.322367259459348077e-01
1.245415014872193638e+00
1.200616730843638624e+00
-7.683442560084685624e-04
1.220278509623646812e+00
1.239940288403655000e+00
-1.082951772357075626e+00
1.279263845963672264e+00
1.259602067183663854e+00
1.161293173283622249e+00
1.220278509623646812e+00
1.396739080662008803e+00
1.086803459203350641e+00
-4.520812609081605871e-01
-6.185729563522812668e-01
-7.261775953053177801e-01
9.553132722518178355e-01
2.788465314344197310e+00
1.259602067183663854e+00
1.239940288403655000e+00
-1.676465639035207289e+00
-1.970550929517802530e+00
7.151729476674297814e-01
1.200616730843638624e+00
3.210449095450204737e+00
1.371584521219178399e+00
1.581239115065197431e+00
-1.117688420457760401e+00
1.344974158389335983e+00
-1.141550086490884297e+00
1.259602067183663854e+00
1.220278509623646812e+00
-7.545401466323893303e-01
1.239940288403655000e+00
5.292436295940756708e-01
-1.353222905293403500e+00
1.239940288403655000e+00
-1.173685807011681348e+00
-3.871789923042712189e-03
6.679221507405995517e+00
1.239940288403655000e+00
5.250078487591014920e+00
-2.065754015970966861e+00
6.089452681299885484e+00
4.688097465352823789e+00
4.365342835111972519e+00
1.220278509623646812e+00
5.851116266149603007e-01
5.011799721356325676e+00
4.081641695113884083e+00
5.396305500739940086e+00
4.582077497016801892e+00
4.472981049458543801e+00
9.114802923267895096e-02
3.993654209864317295e+00
3.084338503300578793e-01
1.200616730843638624e+00
1.843390326452699846e+00
1.748717899805491527e+00
8.390723656454213142e-01
1.504933748247266223e+00
1.259602067183663854e+00
1.054330817167349466e+01
1.284738572432210901e+00
5.095818508140670389e-01
1.254131474411931180e+00
3.404828516565631347e+00
4.940441552394995384e+00
3.433251252723724001e+00
5.625636521387615829e+00
1.239940288403655000e+00
4.754098171209959922e+00
2.272829211864785037e+00
1.082151918133570589e+00
2.163923441958881533e+00
3.289813804680868259e+00
2.011814593722242250e+00
4.131278425405572108e+00
7.525004962830150745e+00
4.440458090121111923e+00
3.891634874302485336e+00
2.885531520215508294e+00
1.211694934486839514e+00
1.503154646240396630e+00
3.392994058918628042e+00
5.600500016139070780e+00
3.525592180360153094e+00
-1.418311686526719129e+00
5.228231676020488550e+00
2.097389394714177513e-02
4.073081772357101116e+00
1.062984279383581310e+00
4.004076254660974499e+00
5.867411106509576868e+00
4.082723369781009026e+00
6.089452681299885484e+00
-3.574868080988835572e+00
2.487206414305703994e+00
4.198465251634679873e+00
1.378950717743762766e+00
-1.565961144038151787e+00
-3.951769431505027796e-01
3.385166737785621827e+00
4.893132820823566931e-01
4.722592160761960756e+00
2.272829211864785037e+00
4.215637085499714942e-01
3.626698133893746956e+00
2.706069000420992410e+00
3.198487693742539051e+00
1.260455210698980366e+00
4.556862885830369692e+00
-4.605136232462072599e+00
4.707759244132832421e+00
1.435114141272486599e+00
1.161293173283622249e+00
2.738036369925614721e+00
2.911548870937737732e+00
1.161293173283622249e+00
4.340996787368062826e+00
1.705945512016309173e+00
6.034736202441202124e+00
1.259602067183663854e+00
1.279263845963672264e+00
4.743107653337688134e-01
1.180954952063630436e+00
5.431238762083617999e+00
2.667148410003505887e-02
3.621007868056686618e+00
2.934834804591616830e+00
1.410908078779195662e+00
3.542392409968613265e+00
1.858881460514897555e+00
4.751146164440127606e+00
4.583770899449772784e+00
4.277422387912497292e+00
1.396369325462684330e+00
2.931210649717748140e+00
1.190066879723314486e+00
1.180954952063630436e+00
-2.264436998535503065e+00
1.854879085019274676e+00
1.220278509623646812e+00
1.239940288403655000e+00
1.279263845963672264e+00
1.161293173283622249e+00
9.166390823182215541e-01
1.534095061147274563e+00
2.265915238176893887e+00
1.239940288403655000e+00
2.411359320861024003e-01
1.243769203903578813e+00
-2.119348067425061544e+00
1.161293173283622249e+00
-1.699868983001358913e+00
-3.213598848183032430e+00
-6.843277726542719819e+00
-1.987681771604801639e+00
3.476078153095032874e+00
-3.478172569607322906e+00
-1.247321500772926584e+00
6.923788363039369287e-01
-5.500745158828195258e-01
-3.000170346698963542e+00
-3.744647858135625285e+00
-2.468193203468214136e+00
-9.719994888569551961e-01
1.122311451864362652e+00
-9.850856224906245018e+00
4.431750083740144674e-01
-6.769373834054764671e+00
2.991516126908027928e+00
1.259602067183663854e+00
1.239940288403655000e+00
2.587816735006832403e+00
-1.431517732092355999e+00
-5.055014943576097153e-01
-2.324163553307371899e+00
1.239940288403655000e+00
1.410908078779195662e+00
-2.130636970132162133e+00
-1.579108119465871596e+00
-4.017612829500464500e+00
-2.901008795765285697e+00
-8.956512745328382152e-04
-9.431193527458763270e-01
-2.107142768295432234e+00
4.452049636832740021e-01
-1.598769898245881116e+00
5.909206057710143511e-01
-7.311284820249870364e-01
-2.229784523448235234e+01
1.435786167247231404e+00
-1.412144766420347253e+00
-1.489990163572425530e+00
-1.699868983001358913e+00
5.211516706608449567e+00
9.746153127615109213e-02
1.200616730843638624e+00
4.646783170105038607e+00
1.403959494729359214e+00
-2.857579126677240566e+00
2.795919361218269117e+00
2.006132213948987442e+00
-1.195578926473174874e+00
2.413945280708411190e+00
-1.244779044997823547e+00
1.200616730843638624e+00
5.465918949902306423e-01
2.886850306780111453e+00
7.088912784510679188e-01
-2.419474785435170361e+00
-4.062334523641730755e-01
-7.547791581160389285e+00
5.072683374302151549e-01
1.960015907604450547e+00
1.259602067183663854e+00
-2.019021442798864641e+00
-1.014326460261790075e+00
1.553648209634092225e+00
-5.214802238381412991e+00
-4.869328690532821469e-01
1.200616730843638624e+00
-1.554801735308517863e+01
1.889931072826950498e+00
1.259602067183663854e+00
-1.586994580919949271e-01
-3.081165559677149446e+00
-3.833625543799746183e+00
2.147944565496844760e+00
1.023660721823564934e+00
-4.318504786393720707e+00
1.141631394503614061e+00
-1.044792286367902889e+00
1.161293173283622249e+00
4.204778622116016606e-01
1.259602067183663854e+00
-1.861727212558796474e+00
-3.170914696532518562e+00
4.641062833356826900e+00
9.317320248150311457e-01
-4.548887787386117765e+00
6.590306411610036719e+00
3.590435716271990430e+00
1.008521411181696692e+00
1.194834203417052265e+00
3.993863231941269021e+00
6.714234762023068015e+00
4.722250570570519557e+00
1.874540863799282420e+00
1.320889704012063959e+00
1.023660721823564934e+00
7.795024086781356942e-01
-2.301358110094469112e-01
6.303856000853780728e+00
3.642054324259877518e+00
6.580912613505956799e+00
1.573309988414099081e+00
4.277422387912497292e+00
1.918891580671271413e+00
9.956356950935507655e-01
1.553756839927282307e+00
1.047077589789516594e+01
-1.274881058211288831e+00
1.512298512188261057e+00
3.765360687360360004e+00
6.679221507405995517e+00
2.825456016262464232e-01
3.219677152425664879e+00
4.151677662452197382e+00
4.277422387912497292e+00
-8.733171049063415126e-02
4.546293861091497135e+00
5.588390668010028151e+00
4.827626030747634189e+00
6.235100591534692427e+00
3.228883904729855203e+00
-2.269021307909682150e-01
4.426646767007833105e+00
9.120702460350216256e-01
4.856949766989760775e+00
1.946444048692690387e+00
1.435114141272486599e+00
4.059806288777672023e+00
4.584959709301900332e+00
6.568510827206385017e+00
2.464535237845572269e+00
4.258146952410442054e-01
6.105823845510247594e-01
3.866519989746151964e+00
7.705925801509485140e+00
3.834177217865577525e+00
2.966614633011150914e+00
2.187268123056861135e+00
1.180954952063630436e+00
1.078447078939300141e+00
2.291413685996593230e+00
1.598892124109827506e+00
1.259602067183663854e+00
2.049635671596803377e+00
2.265915238176893887e+00
3.912824332985612052e+00
3.046535397288067770e+00
1.121969615723605873e+00
1.121969615723605873e+00
1.200616730843638624e+00
1.141631394503614061e+00
2.771820377983770456e+00
1.199259681778911180e+00
1.180954952063630436e+00
2.032763505004441029e+00
2.226591680616876623e+00
1.514433282367265043e+00
1.102307836943597685e+00
3.792926634332076219e+00
1.161293173283622249e+00
3.468898743744054158e+00
5.492963986395086096e+00
3.836202333985795576e+00
1.815555527459257412e+00
4.624283266861919373e+00
5.123503743501350627e+00
7.534540277450679113e+00
-8.682408073322065434e-01
2.646282421134475982e+00
1.054326870525441606e+00
1.259602067183663854e+00
2.163923441958881533e+00
2.226635674787374342e+00
6.003985524211650215e+00
3.627542546345212671e+00
1.199259681778911180e+00
4.256247513138106342e+00
2.928564724608015979e+00
-5.254512064609500044e-01
1.082646058163589053e+00
1.239940288403655000e+00
5.261136194961407497e+00
4.722592160761960756e+00
1.121969615723605873e+00
2.892298301940796179e+00
-3.721836742722731017e+00
2.801245998987800689e+00
-1.415824799298460945e+00
1.220278509623646812e+00
1.239940288403655000e+00
1.259602067183663854e+00
1.727498751127923171e+00
-3.224324160606697021e+00
-7.683442560084685624e-04
1.062984279383581310e+00
1.279263845963672264e+00
-5.767322117289275241e-02
2.771540283469001054e+00
1.239940288403655000e+00
6.011241039025989608e-01
3.193636140565843107e-01
1.220278509623646812e+00
1.141631394503614061e+00
1.082646058163589053e+00
-4.056119430982576546e-01
1.259602067183663854e+00
1.220278509623646812e+00
-3.951769431505045560e-01
4.058814061232567383e-01
-4.009684759065652138e+00
1.351922742439168879e+00
6.777139372683304686e+00
-3.165338824266667572e+00
2.124599884398864269e+00
-6.422982575344644118e+00
1.239940288403655000e+00
2.754850323721491634e-01
1.180954952063630436e+00
1.239940288403655000e+00
1.141631394503614061e+00
1.259602067183663854e+00
1.668475331901332126e+00
1.700157018679988141e+00
-1.028818089623694476e+00
-3.003660761250138478e+00
-2.257126266919776469e+00
3.385166737785621827e+00
-2.744194954759949567e+00
1.121969615723605873e+00
1.325312379609325575e+00
-7.545401466323893303e-01
-2.891975012030947312e+00
2.589151444778314826e+00
1.259602067183663854e+00
2.944761773673420180e+00
1.102307836943597685e+00
1.239940288403655000e+00
1.220278509623646812e+00
7.617711044561712441e-01
-2.255305741712044565e+00
-2.235643962932035933e+00
-5.222574402019532158e+00
-8.105314328557255976e-01
7.617060157760882078e-01
-1.885135123916183986e+00
-2.314291078052070461e+00
-1.311640211143050294e-01
-1.181109617423253155e+00
1.220278509623646812e+00
1.279263845963672264e+00
7.671464188899079772e-02
-4.934858370505477154e-01
7.027857681161453485e-01
1.062984279383581310e+00
-3.361916068104786603e-01
1.200616730843638624e+00
2.183585220738889277e+00
-5.696598045273169930e+00
1.727460668241359798e+00
-4.173673455987412240e-01
1.028644545337367155e+00
1.220278509623646812e+00
-3.782983328883911867e+00
-2.224964098577149940e+00
-2.115764380491818031e+00
1.259602067183663854e+00
-1.015270650700033528e+00
1.200616730843638624e+00
1.043322500603572678e+00
-6.168420970909771484e-01
1.200616730843638624e+00
1.973209837359265251e+00
4.596567325018465766e-01
-9.236452109895338936e-01
-1.767185535947023212e+00
1.121969615723605873e+00
-1.048479868403701332e+00
1.751547147022423090e-01
1.200616730843638624e+00
1.239940288403655000e+00
-1.655120368922361251e+00
8.048584888360323930e-01
-2.598713201360446590e+00
1.200753018734882360e+01
4.667339081502680287e+00
1.239940288403655000e+00
1.220278509623646812e+00
1.069816201542039380e+01
3.204311651090945290e+00
2.682829986737017336e+00
5.200526122354551362e+00
1.050838654908334746e+01
2.430337437860510263e+00
1.383409408903407467e+00
2.163923441958881533e+00
1.239940288403655000e+00
1.220278509623646812e+00
1.273275627319135239e+00
4.537233076966634471e+00
5.945000187871626984e+00
-1.025130507587892481e+00
4.727223831884892036e+00
1.141631394503614061e+00
1.180954952063630436e+00
3.469717301753409089e+00
4.937805830436929000e+00
3.665068116171724455e+00
1.161293173283622249e+00
5.879684798736834139e+00
9.080350081099410886e-01
1.157151771508686977e+00
6.203721035566935882e+00
2.144261663178872901e+00
5.784055216584576442e+00
2.232823877251085776e+00
-2.119510960874670502e+00
3.219677152425664879e+00
3.758945532926523114e+00
1.141631394503614061e+00
6.412646343302828456e+00
3.180353594865647615e+00
3.385166737785621827e+00
1.839219681734888923e+00
2.971739629519705161e+00
3.613009105358518269e+00
1.259602067183663854e+00
2.531482736351019724e+00
5.963882340551585060e+00
1.001583785352898914e+01
1.180954952063630436e+00
3.517366760024374095e+00
2.078367116977631213e+00
3.793552928526068513e+00
3.388299864861457067e+00
7.023051073663975075e-01
3.045864693818399083e+00
5.517512080839509281e+00
4.198544203756783944e+00
-1.541724659429384303e-01
1.772509122673907811e+00
8.241673677412705956e+00
6.023647302991657959e+00
1.239940288403655000e+00
1.180954952063630436e+00
1.010460130762742281e+01
1.220278509623646812e+00
4.104515355673896693e+00
3.525592180360153094e+00
5.280797973741417017e+00
3.114004702112987744e+00
2.769532606352626658e+00
3.625744558611707191e+00
2.780766437358114018e+00
5.280797973741417017e+00
5.938670135076861811e+00
5.040657878398594249e+00
5.232566009324663980e+00
-1.814530292155005498e-01
4.924830925056557618e+00
1.501061922664046477e+00
6.003985524211650215e+00
3.587687974433460880e+00
1.658687906934083856e+00
5.029781772520998118e+00
8.597499963689250180e-01
2.209455925906537388e+00
1.450260248984689682e+01
-1.378988128966701865e+00
1.058785300159290621e+00
8.358658617503522237e+00
3.065526472598407715e+00
1.200616730843638624e+00
4.542753939456784629e+00
1.363747630123398835e+00
5.489054083740860790e-01
4.839271907303587028e+00
2.163923441958881533e+00
2.163923441958881533e+00
5.280797973741417017e+00
1.121969615723605873e+00
3.200015373645657135e+00
1.200616730843638624e+00
-1.262279273280864089e+00
